# Made in Blockbench 4.6.1
mtllib tiestoettoet.mtl

o head
v 0.6225301693425964 0.59375 0.4153928755616626
v 0.6225301693425964 0.59375 0.1653928755616625
v 0.6225301693425964 0.34375 0.4153928755616626
v 0.6225301693425964 0.34375 0.1653928755616625
v 0.3725301693425964 0.59375 0.1653928755616625
v 0.3725301693425964 0.59375 0.4153928755616626
v 0.3725301693425964 0.34375 0.1653928755616625
v 0.3725301693425964 0.34375 0.4153928755616626
vt 0.125 0.875
vt 0.25 0.875
vt 0.25 0.75
vt 0.125 0.75
vt 0 0.875
vt 0.125 0.875
vt 0.125 0.75
vt 0 0.75
vt 0.375 0.875
vt 0.5 0.875
vt 0.5 0.75
vt 0.375 0.75
vt 0.25 0.875
vt 0.375 0.875
vt 0.375 0.75
vt 0.25 0.75
vt 0.25 0.875
vt 0.125 0.875
vt 0.125 1
vt 0.25 1
vt 0.375 1
vt 0.25 1
vt 0.25 0.875
vt 0.375 0.875
vn 0 0 -1
vn 1 0 0
vn 0 0 1
vn -1 0 0
vn 0 1 0
vn 0 -1 0
usemtl m_f2318df0-fc55-2f7c-0d81-6e635a467790
f 4/4/1 7/3/1 5/2/1 2/1/1
f 3/8/2 4/7/2 2/6/2 1/5/2
f 8/12/3 3/11/3 1/10/3 6/9/3
f 7/16/4 8/15/4 6/14/4 5/13/4
f 6/20/5 1/19/5 2/18/5 5/17/5
f 7/24/6 4/23/6 3/22/6 8/21/6
o torso
v 0.625 0.34375 0.40625
v 0.625 0.34375 0.21875
v 0.625 0.1875 0.40625
v 0.625 0.1875 0.21875
v 0.375 0.34375 0.21875
v 0.375 0.34375 0.40625
v 0.375 0.1875 0.21875
v 0.375 0.1875 0.40625
vt 0.09375 0.640625
vt 0.21875 0.640625
vt 0.21875 0.5625
vt 0.09375 0.5625
vt 0 0.640625
vt 0.09375 0.640625
vt 0.09375 0.5625
vt 0 0.5625
vt 0.3125 0.640625
vt 0.4375 0.640625
vt 0.4375 0.5625
vt 0.3125 0.5625
vt 0.21875 0.640625
vt 0.3125 0.640625
vt 0.3125 0.5625
vt 0.21875 0.5625
vt 0.21875 0.640625
vt 0.09375 0.640625
vt 0.09375 0.734375
vt 0.21875 0.734375
vt 0.34375 0.734375
vt 0.21875 0.734375
vt 0.21875 0.640625
vt 0.34375 0.640625
vn 0 0 -1
vn 1 0 0
vn 0 0 1
vn -1 0 0
vn 0 1 0
vn 0 -1 0
usemtl m_f2318df0-fc55-2f7c-0d81-6e635a467790
f 12/28/7 15/27/7 13/26/7 10/25/7
f 11/32/8 12/31/8 10/30/8 9/29/8
f 16/36/9 11/35/9 9/34/9 14/33/9
f 15/40/10 16/39/10 14/38/10 13/37/10
f 14/44/11 9/43/11 10/42/11 13/41/11
f 15/48/12 12/47/12 11/46/12 16/45/12
o lower_body
v 0.59375 0.1875 0.375
v 0.59375 0.1875 0.25
v 0.59375 0.0625 0.375
v 0.59375 0.0625 0.25
v 0.40625 0.1875 0.25
v 0.40625 0.1875 0.375
v 0.40625 0.0625 0.25
v 0.40625 0.0625 0.375
vt 0.0625 0.484375
vt 0.15625 0.484375
vt 0.15625 0.421875
vt 0.0625 0.421875
vt 0 0.484375
vt 0.0625 0.484375
vt 0.0625 0.421875
vt 0 0.421875
vt 0.21875 0.484375
vt 0.3125 0.484375
vt 0.3125 0.421875
vt 0.21875 0.421875
vt 0.15625 0.484375
vt 0.21875 0.484375
vt 0.21875 0.421875
vt 0.15625 0.421875
vt 0.15625 0.484375
vt 0.0625 0.484375
vt 0.0625 0.546875
vt 0.15625 0.546875
vt 0.25 0.546875
vt 0.15625 0.546875
vt 0.15625 0.484375
vt 0.25 0.484375
vn 0 0 -1
vn 1 0 0
vn 0 0 1
vn -1 0 0
vn 0 1 0
vn 0 -1 0
usemtl m_f2318df0-fc55-2f7c-0d81-6e635a467790
f 20/52/13 23/51/13 21/50/13 18/49/13
f 19/56/14 20/55/14 18/54/14 17/53/14
f 24/60/15 19/59/15 17/58/15 22/57/15
f 23/64/16 24/63/16 22/62/16 21/61/16
f 22/68/17 17/67/17 18/66/17 21/65/17
f 23/72/18 20/71/18 19/70/18 24/69/18
o right_leg
v 0.49751569363247405 0.06069568206793974 0.29717833665350746
v 0.44332366633209996 -0.005338421329044496 0.1663472093724513
v 0.5177318195053613 -0.05259279131164146 0.34598438191447367
v 0.4635397922049873 -0.11862689470862575 0.2151532546334176
v 0.3567099601591668 -0.005338421329044496 0.2022237811566785
v 0.4109019874595409 0.06069568206793985 0.33305490843773455
v 0.37692608603205413 -0.11862689470862575 0.2510298264176447
v 0.4311181133324282 -0.05259279131164146 0.38186095369870077
vt 0.640625 0.703125
vt 0.6875 0.703125
vt 0.6875 0.765625
vt 0.640625 0.765625
vt 0.59375 0.703125
vt 0.59375 0.625
vt 0.53125 0.625
vt 0.53125 0.703125
vt 0.640625 0.703125
vt 0.59375 0.703125
vt 0.59375 0.765625
vt 0.640625 0.765625
vt 0.640625 0.625
vt 0.640625 0.703125
vt 0.703125 0.703125
vt 0.703125 0.625
vt 0.640625 0.625
vt 0.59375 0.625
vt 0.59375 0.703125
vt 0.640625 0.703125
vt 0.703125 0.703125
vt 0.75 0.703125
vt 0.75 0.625
vt 0.703125 0.625
vn -0.3468289747223938 -0.42261826174069944 -0.8373192145987594
vn 0.923879532511287 -2.7755575615628914e-17 -0.38268343236508945
vn 0.3468289747223938 0.42261826174069944 0.8373192145987594
vn -0.923879532511287 2.7755575615628914e-17 0.38268343236508945
vn -0.16172900698309858 0.9063077870366502 -0.3904483620877301
vn 0.16172900698309858 -0.9063077870366502 0.3904483620877301
usemtl m_f2318df0-fc55-2f7c-0d81-6e635a467790
f 28/76/19 31/75/19 29/74/19 26/73/19
f 27/80/20 28/79/20 26/78/20 25/77/20
f 32/84/21 27/83/21 25/82/21 30/81/21
f 31/88/22 32/87/22 30/86/22 29/85/22
f 30/92/23 25/91/23 26/90/23 29/89/23
f 31/96/24 28/95/24 27/94/24 32/93/24
o left_leg
v 0.5913056180786247 0.06455618705210786 0.3277252772071253
v 0.647493867686515 0.01111553965747214 0.19207484295775168
v 0.5749449377803915 -0.05290539054613064 0.3672234534727705
v 0.6311331873882815 -0.10634603794076636 0.2315730192233969
v 0.5608801615135819 0.01111553965747214 0.15619827117352458
v 0.5046919119056916 0.06455618705210786 0.2918487054228982
v 0.5445194812153487 -0.10634603794076636 0.1956964474391698
v 0.48833123160745817 -0.05290539054613064 0.3313468816885434
vt 0.890625 0.703125
vt 0.9375 0.703125
vt 0.9375 0.765625
vt 0.890625 0.765625
vt 0.84375 0.703125
vt 0.84375 0.625
vt 0.78125 0.625
vt 0.78125 0.703125
vt 0.890625 0.703125
vt 0.84375 0.703125
vt 0.84375 0.765625
vt 0.890625 0.765625
vt 0.890625 0.625
vt 0.890625 0.703125
vt 0.953125 0.703125
vt 0.953125 0.625
vt 0.890625 0.625
vt 0.84375 0.625
vt 0.84375 0.703125
vt 0.890625 0.703125
vt 0.953125 0.703125
vt 1 0.703125
vt 1 0.625
vt 0.953125 0.625
vn 0.3596047974904978 -0.3420201433256686 -0.868162779195991
vn 0.9238795325112868 1.3877787807814457e-17 0.3826834323650894
vn -0.3596047974904978 0.3420201433256686 0.868162779195991
vn -0.9238795325112868 -1.3877787807814457e-17 -0.3826834323650894
vn 0.1308854423858667 0.9396926207859085 -0.31598541012516207
vn -0.1308854423858667 -0.9396926207859085 0.31598541012516207
usemtl m_f2318df0-fc55-2f7c-0d81-6e635a467790
f 36/100/25 39/99/25 37/98/25 34/97/25
f 35/104/26 36/103/26 34/102/26 33/101/26
f 40/108/27 35/107/27 33/106/27 38/105/27
f 39/112/28 40/111/28 38/110/28 37/109/28
f 38/116/29 33/115/29 34/114/29 37/113/29
f 39/120/30 36/119/30 35/118/30 40/117/30
o left_arm
v 0.703125 0.264709708691208 0.38100096942744666
v 0.703125 0.3530980563395265 0.2926126217791283
v 0.703125 0.06583592648249148 0.1821271872187301
v 0.703125 0.15422427413080997 0.09373883957041174
v 0.609375 0.3530980563395265 0.2926126217791283
v 0.609375 0.264709708691208 0.38100096942744666
v 0.609375 0.15422427413080997 0.09373883957041174
v 0.609375 0.06583592648249148 0.1821271872187301
vt 0.84375 0.9375
vt 0.890625 0.9375
vt 0.890625 0.796875
vt 0.84375 0.796875
vt 0.78125 0.9375
vt 0.84375 0.9375
vt 0.84375 0.796875
vt 0.78125 0.796875
vt 0.953125 0.9375
vt 1 0.9375
vt 1 0.796875
vt 0.953125 0.796875
vt 0.890625 0.9375
vt 0.953125 0.9375
vt 0.953125 0.796875
vt 0.890625 0.796875
vt 0.890625 0.9375
vt 0.84375 0.9375
vt 0.84375 1
vt 0.890625 1
vt 0.9375 1
vt 0.890625 1
vt 0.890625 0.9375
vt 0.9375 0.9375
vn 0 0.7071067811865476 -0.7071067811865475
vn 1 0 0
vn 0 -0.7071067811865476 0.7071067811865475
vn -1 0 0
vn 0 0.7071067811865475 0.7071067811865476
vn 0 -0.7071067811865475 -0.7071067811865476
usemtl m_f2318df0-fc55-2f7c-0d81-6e635a467790
f 44/124/31 47/123/31 45/122/31 42/121/31
f 43/128/32 44/127/32 42/126/32 41/125/32
f 48/132/33 43/131/33 41/130/33 46/129/33
f 47/136/34 48/135/34 46/134/34 45/133/34
f 46/140/35 41/139/35 42/138/35 45/137/35
f 47/144/36 44/143/36 43/142/36 48/141/36
o right_arm
v 0.375 0.3091278447365816 0.42405732845829613
v 0.375 0.3569632737822178 0.30857238689438526
v 0.375 0.049286726217782184 0.31642761310561474
v 0.375 0.09712215526341839 0.20094267154170387
v 0.28125 0.3569632737822178 0.30857238689438526
v 0.28125 0.3091278447365816 0.42405732845829613
v 0.28125 0.09712215526341839 0.20094267154170387
v 0.28125 0.049286726217782184 0.31642761310561474
vt 0.59375 0.9375
vt 0.640625 0.9375
vt 0.640625 0.796875
vt 0.59375 0.796875
vt 0.53125 0.9375
vt 0.59375 0.9375
vt 0.59375 0.796875
vt 0.53125 0.796875
vt 0.703125 0.9375
vt 0.75 0.9375
vt 0.75 0.796875
vt 0.703125 0.796875
vt 0.640625 0.9375
vt 0.703125 0.9375
vt 0.703125 0.796875
vt 0.640625 0.796875
vt 0.640625 0.9375
vt 0.59375 0.9375
vt 0.59375 1
vt 0.640625 1
vt 0.6875 1
vt 0.640625 1
vt 0.640625 0.9375
vt 0.6875 0.9375
vn 0 0.3826834323650897 -0.9238795325112867
vn 1 0 0
vn 0 -0.3826834323650897 0.9238795325112867
vn -1 0 0
vn 0 0.9238795325112867 0.3826834323650897
vn 0 -0.9238795325112867 -0.3826834323650897
usemtl m_f2318df0-fc55-2f7c-0d81-6e635a467790
f 52/148/37 55/147/37 53/146/37 50/145/37
f 51/152/38 52/151/38 50/150/38 49/149/38
f 56/156/39 51/155/39 49/154/39 54/153/39
f 55/160/40 56/159/40 54/158/40 53/157/40
f 54/164/41 49/163/41 50/162/41 53/161/41
f 55/168/42 52/167/42 51/166/42 56/165/42