# Made in Blockbench 4.6.1
mtllib frame.mtl

o cube_0
v 0.5 0.875 -0.1874999999999999
v -0.49999999999999994 0.875 -0.1875000000000001
v 0.5 0.25 -0.1874999999999999
v -0.49999999999999994 0.25 -0.1875000000000001
v -0.5 0.875 0.1874999999999999
v 0.5 0.875 0.1875000000000001
v -0.5 0.25 0.1874999999999999
v 0.5 0.25 0.1875000000000001
vt 0.1875 0.546875
vt 0.28125 0.546875
vt 0.28125 0.390625
vt 0.1875 0.390625
vt 0 1
vt 0.25 1
vt 0.25 0.84375
vt 0 0.84375
vt 0.1875 0.546875
vt 0.28125 0.546875
vt 0.28125 0.390625
vt 0.1875 0.390625
vt 0 1
vt 0.25 1
vt 0.25 0.84375
vt 0 0.84375
vt 0.1875 0.4375
vt 0.09375 0.4375
vt 0.09375 0.6875
vt 0.1875 0.6875
vt 0.09375 0.6875
vt 0 0.6875
vt 0 0.4375
vt 0.09375 0.4375
vn -1 0 -2.220446049250313e-16
vn 2.220446049250313e-16 0 -1
vn 1 0 2.220446049250313e-16
vn -2.220446049250313e-16 0 1
vn 0 1 0
vn 0 -1 0
usemtl m_0
f 4/4/1 7/3/1 5/2/1 2/1/1
f 3/8/2 4/7/2 2/6/2 1/5/2
f 8/12/3 3/11/3 1/10/3 6/9/3
f 7/16/4 8/15/4 6/14/4 5/13/4
f 6/20/5 1/19/5 2/18/5 5/17/5
f 7/24/6 4/23/6 3/22/6 8/21/6
o cube_1
v 0.3125 1.1875 -0.31250000000000006
v -0.31249999999999994 1.1875 -0.31250000000000017
v 0.3125 0.625 -0.31250000000000006
v -0.31249999999999994 0.625 -0.31250000000000017
v -0.31250000000000006 1.1875 0.3124999999999998
v 0.3125 1.1875 0.3125
v -0.31250000000000006 0.625 0.3124999999999998
v 0.3125 0.625 0.3125
vt 0.40625 1
vt 0.5625 1
vt 0.5625 0.859375
vt 0.40625 0.859375
vt 0.40625 0.859375
vt 0.5625 0.859375
vt 0.5625 0.71875
vt 0.40625 0.71875
vt 0.40625 1
vt 0.5625 1
vt 0.5625 0.859375
vt 0.40625 0.859375
vt 0.40625 0.859375
vt 0.5625 0.859375
vt 0.5625 0.71875
vt 0.40625 0.71875
vt 0.40625 0.6875
vt 0.25 0.6875
vt 0.25 0.84375
vt 0.40625 0.84375
vt 0.40625 0.84375
vt 0.25 0.84375
vt 0.25 0.6875
vt 0.40625 0.6875
vn -1 0 -2.220446049250313e-16
vn 2.220446049250313e-16 0 -1
vn 1 0 2.220446049250313e-16
vn -2.220446049250313e-16 0 1
vn 0 1 0
vn 0 -1 0
usemtl m_0
f 12/28/7 15/27/7 13/26/7 10/25/7
f 11/32/8 12/31/8 10/30/8 9/29/8
f 16/36/9 11/35/9 9/34/9 14/33/9
f 15/40/10 16/39/10 14/38/10 13/37/10
f 14/44/11 9/43/11 10/42/11 13/41/11
f 15/48/12 12/47/12 11/46/12 16/45/12
o cube_2
v -0.1875 0.37499999999999967 -0.3598349570550445
v 0.1874999999999999 0.37499999999999967 -0.3598349570550446
v -0.18750000000000006 0.1098349570550442 -0.6249999999999997
v 0.1874999999999999 0.1098349570550442 -0.6249999999999997
v 0.18749999999999978 0.6401650429449548 -0.625
v -0.1875000000000001 0.6401650429449548 -0.625
v 0.18749999999999978 0.37499999999999933 -0.8901650429449551
v -0.1875000000000001 0.37499999999999933 -0.8901650429449551
vt 0.5 0.65625
vt 0.59375 0.65625
vt 0.59375 0.5625
vt 0.5 0.5625
vt 0.59375 0.65625
vt 0.59375 0.5625
vt 0.5 0.5625
vt 0.5 0.65625
vt 0.5 0.65625
vt 0.59375 0.65625
vt 0.59375 0.5625
vt 0.5 0.5625
vt 0.5625 1
vt 0.65625 1
vt 0.65625 0.90625
vt 0.5625 0.90625
vt 0.65625 0.90625
vt 0.5625 0.90625
vt 0.5625 1
vt 0.65625 1
vt 0.65625 1
vt 0.5625 1
vt 0.5625 0.90625
vt 0.65625 0.90625
vn 1 3.92523114670943e-17 -1.1775693440128314e-16
vn 1.177569344012833e-16 -0.707106781186547 0.707106781186548
vn -1 -3.92523114670943e-17 1.1775693440128314e-16
vn -1.177569344012833e-16 0.707106781186547 -0.707106781186548
vn 1.962615573354719e-16 0.707106781186548 0.7071067811865471
vn -1.962615573354719e-16 -0.707106781186548 -0.7071067811865471
usemtl m_0
f 20/52/13 23/51/13 21/50/13 18/49/13
f 19/56/14 20/55/14 18/54/14 17/53/14
f 24/60/15 19/59/15 17/58/15 22/57/15
f 23/64/16 24/63/16 22/62/16 21/61/16
f 22/68/17 17/67/17 18/66/17 21/65/17
f 23/72/18 20/71/18 19/70/18 24/69/18
o cube_3
v -0.12500000000000017 0.6966529130879202 -0.11676700102216903
v 0.12499999999999978 0.6966529130879202 -0.11676700102216908
v -0.12500000000000022 0.3872936963188054 -0.42612621779128335
v 0.12499999999999978 0.3872936963188054 -0.4261262177912834
v 0.12499999999999978 0.873429608384557 -0.29354369631880606
v -0.12500000000000022 0.873429608384557 -0.293543696318806
v 0.12499999999999978 0.5640703916154421 -0.6029029130879204
v -0.12500000000000022 0.5640703916154421 -0.6029029130879204
vt 0.5625 0.90625
vt 0.625 0.90625
vt 0.625 0.796875
vt 0.5625 0.796875
vt 0.5625 0.484375
vt 0.625 0.484375
vt 0.625 0.375
vt 0.5625 0.375
vt 0.5625 0.90625
vt 0.625 0.90625
vt 0.625 0.796875
vt 0.5625 0.796875
vt 0.5625 0.484375
vt 0.625 0.484375
vt 0.625 0.375
vt 0.5625 0.375
vt 0.53125 0.328125
vt 0.46875 0.328125
vt 0.46875 0.390625
vt 0.53125 0.390625
vt 0.6875 0.484375
vt 0.625 0.484375
vt 0.625 0.421875
vt 0.6875 0.421875
vn 1 3.92523114670943e-17 -1.1775693440128314e-16
vn 1.177569344012833e-16 -0.707106781186547 0.707106781186548
vn -1 -3.92523114670943e-17 1.1775693440128314e-16
vn -1.177569344012833e-16 0.707106781186547 -0.707106781186548
vn 1.962615573354719e-16 0.707106781186548 0.7071067811865471
vn -1.962615573354719e-16 -0.707106781186548 -0.7071067811865471
usemtl m_0
f 28/76/19 31/75/19 29/74/19 26/73/19
f 27/80/20 28/79/20 26/78/20 25/77/20
f 32/84/21 27/83/21 25/82/21 30/81/21
f 31/88/22 32/87/22 30/86/22 29/85/22
f 30/92/23 25/91/23 26/90/23 29/89/23
f 31/96/24 28/95/24 27/94/24 32/93/24
o cube_4
v 0.09375 0.9375 -0.90625
v 0.09375 0.9375 -1.0937500000000002
v 0.09375 0.75 -0.90625
v 0.09375 0.75 -1.0937500000000002
v -0.09375 0.9375 -1.0937500000000002
v -0.09375 0.9375 -0.90625
v -0.09375 0.75 -1.0937500000000002
v -0.09375 0.75 -0.90625
vt 0.09375 0.4375
vt 0.140625 0.4375
vt 0.140625 0.390625
vt 0.09375 0.390625
vt 0.09375 0.4375
vt 0.14062500000000006 0.4375
vt 0.14062500000000006 0.390625
vt 0.09375 0.390625
vt 0.09375 0.4375
vt 0.140625 0.4375
vt 0.140625 0.390625
vt 0.09375 0.390625
vt 0.09375 0.4375
vt 0.14062500000000006 0.4375
vt 0.14062500000000006 0.390625
vt 0.09375 0.390625
vt 0.140625 0.4375
vt 0.1875 0.4375
vt 0.1875 0.390625
vt 0.140625 0.390625
vt 0.09375 0.4375
vt 0.140625 0.4375
vt 0.140625 0.390625
vt 0.09375 0.390625
vn 0 0 -1
vn 1 0 0
vn 0 0 1
vn -1 0 0
vn 0 1 0
vn 0 -1 0
usemtl m_0
f 36/100/25 39/99/25 37/98/25 34/97/25
f 35/104/26 36/103/26 34/102/26 33/101/26
f 40/108/27 35/107/27 33/106/27 38/105/27
f 39/112/28 40/111/28 38/110/28 37/109/28
f 38/116/29 33/115/29 34/114/29 37/113/29
f 39/120/30 36/119/30 35/118/30 40/117/30
o cube_5
v -0.1250000000000001 0.5959708691207957 -0.6691941738241591
v 0.12499999999999989 0.5959708691207957 -0.6691941738241591
v -0.1250000000000001 0.4191941738241586 -0.845970869120796
v 0.12499999999999978 0.4191941738241586 -0.845970869120796
v 0.12499999999999978 0.9053300858899098 -0.978553390593274
v -0.12500000000000017 0.9053300858899098 -0.978553390593274
v 0.12499999999999978 0.7285533905932728 -1.1553300858899107
v -0.12500000000000017 0.7285533905932728 -1.1553300858899107
vt 0.359375 0.390625
vt 0.25 0.390625
vt 0.25 0.328125
vt 0.359375 0.328125
vt 0.53125 0.375
vt 0.59375 0.375
vt 0.59375 0.3125
vt 0.53125 0.3125
vt 0.25 0.390625
vt 0.359375 0.390625
vt 0.359375 0.328125
vt 0.25 0.328125
vt 0.625 0.421875
vt 0.6875 0.421875
vt 0.6875 0.359375
vt 0.625 0.359375
vt 0.359375 0.328125
vt 0.46875 0.328125
vt 0.46875 0.390625
vt 0.359375 0.390625
vt 0.25 0.390625
vt 0.359375 0.390625
vt 0.359375 0.328125
vt 0.25 0.328125
vn 1 3.92523114670943e-17 -1.1775693440128314e-16
vn 1.177569344012833e-16 -0.707106781186547 0.707106781186548
vn -1 -3.92523114670943e-17 1.1775693440128314e-16
vn -1.177569344012833e-16 0.707106781186547 -0.707106781186548
vn 1.962615573354719e-16 0.707106781186548 0.7071067811865471
vn -1.962615573354719e-16 -0.707106781186548 -0.7071067811865471
usemtl m_0
f 44/124/31 47/123/31 45/122/31 42/121/31
f 43/128/32 44/127/32 42/126/32 41/125/32
f 48/132/33 43/131/33 41/130/33 46/129/33
f 47/136/34 48/135/34 46/134/34 45/133/34
f 46/140/35 41/139/35 42/138/35 45/137/35
f 47/144/36 44/143/36 43/142/36 48/141/36
o cube_6
v -0.09374999999999989 0.9375 0.90625
v -0.09374999999999989 0.9375 1.0937500000000004
v -0.09374999999999989 0.75 0.90625
v -0.09374999999999989 0.75 1.0937500000000002
v 0.09375000000000011 0.9375 1.0937500000000004
v 0.09375000000000011 0.9375 0.90625
v 0.09375000000000011 0.75 1.0937500000000002
v 0.09375000000000011 0.75 0.90625
vt 0.09375 0.4375
vt 0.140625 0.4375
vt 0.140625 0.390625
vt 0.09375 0.390625
vt 0.09375 0.4375
vt 0.14062500000000006 0.4375
vt 0.14062500000000006 0.390625
vt 0.09375 0.390625
vt 0.09375 0.4375
vt 0.140625 0.4375
vt 0.140625 0.390625
vt 0.09375 0.390625
vt 0.09375 0.4375
vt 0.14062500000000006 0.4375
vt 0.14062500000000006 0.390625
vt 0.09375 0.390625
vt 0.140625 0.4375
vt 0.1875 0.4375
vt 0.1875 0.390625
vt 0.140625 0.390625
vt 0.09375 0.4375
vt 0.140625 0.4375
vt 0.140625 0.390625
vt 0.09375 0.390625
vn -5.418385211016595e-33 -1.2246467991473532e-16 1
vn -1 1.2246467991473532e-16 9.579212615601981e-33
vn 5.418385211016595e-33 1.2246467991473532e-16 -1
vn 1 -1.2246467991473532e-16 -9.579212615601981e-33
vn 1.2246467991473532e-16 1 1.2246467991473532e-16
vn -1.2246467991473532e-16 -1 -1.2246467991473532e-16
usemtl m_0
f 52/148/37 55/147/37 53/146/37 50/145/37
f 51/152/38 52/151/38 50/150/38 49/149/38
f 56/156/39 51/155/39 49/154/39 54/153/39
f 55/160/40 56/159/40 54/158/40 53/157/40
f 54/164/41 49/163/41 50/162/41 53/161/41
f 55/168/42 52/167/42 51/166/42 56/165/42
o cube_7
v 0.1250000000000011 0.5959708691207961 0.6691941738241591
v -0.12499999999999889 0.5959708691207963 0.6691941738241596
v 0.12500000000000133 0.41919417382415924 0.8459708691207961
v -0.12499999999999872 0.41919417382415947 0.8459708691207966
v -0.12499999999999822 0.9053300858899109 0.978553390593274
v 0.12500000000000178 0.9053300858899107 0.9785533905932735
v -0.12499999999999806 0.728553390593274 1.155330085889911
v 0.125000000000002 0.728553390593274 1.1553300858899105
vt 0.359375 0.390625
vt 0.25 0.390625
vt 0.25 0.328125
vt 0.359375 0.328125
vt 0.53125 0.375
vt 0.59375 0.375
vt 0.59375 0.3125
vt 0.53125 0.3125
vt 0.25 0.390625
vt 0.359375 0.390625
vt 0.359375 0.328125
vt 0.25 0.328125
vt 0.625 0.421875
vt 0.6875 0.421875
vt 0.6875 0.359375
vt 0.625 0.359375
vt 0.359375 0.328125
vt 0.46875 0.328125
vt 0.46875 0.390625
vt 0.359375 0.390625
vt 0.25 0.390625
vt 0.359375 0.390625
vt 0.359375 0.328125
vt 0.25 0.328125
vn -1 6.280369834735103e-16 1.570092458683775e-15
vn -1.570092458683775e-15 -0.7071067811865477 -0.7071067811865474
vn 1 -6.280369834735103e-16 -1.570092458683775e-15
vn 1.570092458683775e-15 0.7071067811865477 0.7071067811865474
vn -6.280369834735103e-16 0.7071067811865475 -0.7071067811865477
vn 6.280369834735103e-16 -0.7071067811865475 0.7071067811865477
usemtl m_0
f 60/172/43 63/171/43 61/170/43 58/169/43
f 59/176/44 60/175/44 58/174/44 57/173/44
f 64/180/45 59/179/45 57/178/45 62/177/45
f 63/184/46 64/183/46 62/182/46 61/181/46
f 62/188/47 57/187/47 58/186/47 61/185/47
f 63/192/48 60/191/48 59/190/48 64/189/48
o cube_8
v 0.18750000000000044 0.3749999999999999 0.35983495705504454
v -0.1874999999999995 0.3750000000000001 0.359834957055045
v 0.18750000000000078 0.10983495705504454 0.6249999999999998
v -0.18749999999999922 0.10983495705504476 0.6250000000000004
v -0.1874999999999989 0.6401650429449557 0.6250000000000004
v 0.1875000000000011 0.6401650429449552 0.6249999999999996
v -0.18749999999999867 0.3750000000000002 0.8901650429449557
v 0.18750000000000133 0.375 0.8901650429449552
vt 0.5 0.65625
vt 0.59375 0.65625
vt 0.59375 0.5625
vt 0.5 0.5625
vt 0.59375 0.65625
vt 0.59375 0.5625
vt 0.5 0.5625
vt 0.5 0.65625
vt 0.5 0.65625
vt 0.59375 0.65625
vt 0.59375 0.5625
vt 0.5 0.5625
vt 0.5625 1
vt 0.65625 1
vt 0.65625 0.90625
vt 0.5625 0.90625
vt 0.65625 0.90625
vt 0.5625 0.90625
vt 0.5625 1
vt 0.65625 1
vt 0.65625 1
vt 0.5625 1
vt 0.5625 0.90625
vt 0.65625 0.90625
vn -1 6.280369834735103e-16 1.570092458683775e-15
vn -1.570092458683775e-15 -0.7071067811865477 -0.7071067811865474
vn 1 -6.280369834735103e-16 -1.570092458683775e-15
vn 1.570092458683775e-15 0.7071067811865477 0.7071067811865474
vn -6.280369834735103e-16 0.7071067811865475 -0.7071067811865477
vn 6.280369834735103e-16 -0.7071067811865475 0.7071067811865477
usemtl m_0
f 68/196/49 71/195/49 69/194/49 66/193/49
f 67/200/50 68/199/50 66/198/50 65/197/50
f 72/204/51 67/203/51 65/202/51 70/201/51
f 71/208/52 72/207/52 70/206/52 69/205/52
f 70/212/53 65/211/53 66/210/53 69/209/53
f 71/216/54 68/215/54 67/214/54 72/213/54
o cube_9
v 0.12500000000000044 0.6966529130879202 0.11676700102216886
v -0.12499999999999956 0.6966529130879204 0.11676700102216919
v 0.12500000000000067 0.3872936963188057 0.42612621779128335
v -0.12499999999999928 0.38729369631880595 0.4261262177912837
v -0.12499999999999917 0.8734296083845572 0.29354369631880606
v 0.12500000000000078 0.8734296083845572 0.2935436963188056
v -0.12499999999999889 0.5640703916154428 0.6029029130879207
v 0.1250000000000011 0.5640703916154428 0.6029029130879202
vt 0.5625 0.90625
vt 0.625 0.90625
vt 0.625 0.796875
vt 0.5625 0.796875
vt 0.5625 0.484375
vt 0.625 0.484375
vt 0.625 0.375
vt 0.5625 0.375
vt 0.5625 0.90625
vt 0.625 0.90625
vt 0.625 0.796875
vt 0.5625 0.796875
vt 0.5625 0.484375
vt 0.625 0.484375
vt 0.625 0.375
vt 0.5625 0.375
vt 0.53125 0.328125
vt 0.46875 0.328125
vt 0.46875 0.390625
vt 0.53125 0.390625
vt 0.6875 0.484375
vt 0.625 0.484375
vt 0.625 0.421875
vt 0.6875 0.421875
vn -1 6.280369834735103e-16 1.570092458683775e-15
vn -1.570092458683775e-15 -0.7071067811865477 -0.7071067811865474
vn 1 -6.280369834735103e-16 -1.570092458683775e-15
vn 1.570092458683775e-15 0.7071067811865477 0.7071067811865474
vn -6.280369834735103e-16 0.7071067811865475 -0.7071067811865477
vn 6.280369834735103e-16 -0.7071067811865475 0.7071067811865477
usemtl m_0
f 76/220/55 79/219/55 77/218/55 74/217/55
f 75/224/56 76/223/56 74/222/56 73/221/56
f 80/228/57 75/227/57 73/226/57 78/225/57
f 79/232/58 80/231/58 78/230/58 77/229/58
f 78/236/59 73/235/59 74/234/59 77/233/59
f 79/240/60 76/239/60 75/238/60 80/237/60
o cube_10
v 0.1875 0.25 0.1875
v 0.1875 0.25 -0.1875
v 0.1875 0.0625 0.1875
v 0.1875 0.0625 -0.1875
v -0.1875 0.25 -0.1875
v -0.1875 0.25 0.1875
v -0.1875 0.0625 -0.1875
v -0.1875 0.0625 0.1875
vt 0.09375 0.75
vt 0.1875 0.75
vt 0.1875 0.703125
vt 0.09375 0.703125
vt 0 0.75
vt 0.09375 0.75
vt 0.09375 0.703125
vt 0 0.703125
vt 0.09375 0.75
vt 0.1875 0.75
vt 0.1875 0.703125
vt 0.09375 0.703125
vt 0 0.75
vt 0.09375 0.75
vt 0.09375 0.703125
vt 0 0.703125
vt 0 0.84375
vt 0.09375 0.84375
vt 0.09375 0.75
vt 0 0.75
vt 0 0.84375
vt 0.09375 0.84375
vt 0.09375 0.75
vt 0 0.75
vn 0 0 -1
vn 1 0 0
vn 0 0 1
vn -1 0 0
vn 0 1 0
vn 0 -1 0
usemtl m_0
f 84/244/61 87/243/61 85/242/61 82/241/61
f 83/248/62 84/247/62 82/246/62 81/245/62
f 88/252/63 83/251/63 81/250/63 86/249/63
f 87/256/64 88/255/64 86/254/64 85/253/64
f 86/260/65 81/259/65 82/258/65 85/257/65
f 87/264/66 84/263/66 83/262/66 88/261/66
o cube_11
v -0.1875 0.25 0.125
v -0.1875 0.25 -0.125
v -0.1875 0.125 0.125
v -0.1875 0.125 -0.125
v -0.3125 0.25 0.125
v -0.3125 0.25 -0.125
vt 0.96875 0.328125
vt 0.96875 0.375
vt 0.90625 0.375
vt 0.90625 0.328125
vt 1 0.0625
vt 1 0.125
vt 0.953125 0.125
vt 0.953125 0.0625
vt 0.6906250000000003 0.9668543696318807
vt 0.7237706303681197 1
vt 0.6574793696318808 1
vt 0.7237706303681195 1
vt 0.690625 0.9668543696318807
vt 0.6574793696318806 1
vt 0.6875 0.79955625
vt 0.6875 0.84375
vt 0.625 0.84375
vt 0.625 0.79955625
vn 1 0 0
vn 0 1 0
vn 0 0 1
vn 0 0 -1
vn -0.7071067811865476 -0.7071067811865476 0
usemtl m_0
f 92/265/67 90/266/67 89/267/67 91/268/67
f 89/269/68 90/270/68 94/271/68 93/272/68
f 89/273/69 93/274/69 91/275/69
f 94/276/70 90/277/70 92/278/70
f 91/279/71 93/280/71 94/281/71 92/282/71
o cube_12
v 0.1875 0.25 -0.12499999999999996
v 0.1875 0.25 0.12500000000000003
v 0.1875 0.125 -0.12499999999999996
v 0.1875 0.125 0.12500000000000003
v 0.3125 0.25 -0.12499999999999997
v 0.3125 0.25 0.12500000000000003
vt 0.96875 0.328125
vt 0.96875 0.375
vt 0.90625 0.375
vt 0.90625 0.328125
vt 1 0.0625
vt 1 0.125
vt 0.953125 0.125
vt 0.953125 0.0625
vt 0.6906250000000003 0.9668543696318807
vt 0.7237706303681197 1
vt 0.6574793696318808 1
vt 0.7237706303681195 1
vt 0.690625 0.9668543696318807
vt 0.6574793696318806 1
vt 0.6875 0.79955625
vt 0.6875 0.84375
vt 0.625 0.84375
vt 0.625 0.79955625
vn -1 0 1.2246467991473532e-16
vn 0 1 0
vn -1.2246467991473532e-16 0 -1
vn 1.2246467991473532e-16 0 1
vn 0.7071067811865476 -0.7071067811865476 -8.659560562354934e-17
usemtl m_0
f 98/283/72 96/284/72 95/285/72 97/286/72
f 95/287/73 96/288/73 100/289/73 99/290/73
f 95/291/74 99/292/74 97/293/74
f 100/294/75 96/295/75 98/296/75
f 97/297/76 99/298/76 100/299/76 98/300/76